1.0828125
1.10859375
1.1214843749999999
1.173046875
1.3019531249999998
1.4308593749999998
1.533984375
1.6371093749999999
1.740234375
1.843359375
1.920703125
1.998046875
2.0496093749999997
2.101171875
2.152734375
2.2171875
2.255859375
2.3074218749999997
2.358984375
2.39765625
2.4363281249999997
2.462109375
2.5007812499999997
2.5265625
2.55234375
2.578125
2.591015625
2.616796875
2.642578125
2.65546875
2.6683593749999996
2.6683593749999996
2.68125
2.6941406249999997
2.719921875
2.719921875
2.745703125
2.745703125
