1.72734375
1.72734375
1.714453125
1.714453125
1.72734375
1.791796875
1.8949218749999999
1.998046875
2.0496093749999997
2.204296875
2.255859375
2.333203125
2.384765625
2.410546875
2.44921875
2.462109375
2.5007812499999997
2.513671875
2.5394531249999996
2.55234375
2.55234375
2.578125
2.591015625
2.616796875
2.65546875
2.6683593749999996
2.6683593749999996
2.6941406249999997
2.719921875
2.7328124999999996
2.745703125
2.771484375
2.771484375
2.771484375
2.81015625
2.81015625
2.8230468749999997
2.8359375
2.8359375
2.8617187499999996
2.8617187499999996
2.874609375
2.874609375
2.874609375
2.874609375
2.8874999999999997
2.8874999999999997
2.91328125
2.91328125
2.9390625
2.9261718749999996
2.9390625
2.9390625
