1.2890625
1.2890625
1.276171875
1.3148437499999999
1.4308593749999998
1.5597656249999998
1.6371093749999999
1.791796875
1.8949218749999999
1.98515625
2.0496093749999997
2.126953125
2.1785156249999997
2.2429687499999997
2.281640625
2.3203125
2.358984375
2.384765625
2.4234375
2.462109375
2.462109375
2.513671875
2.5652343749999997
2.5652343749999997
2.6039062499999996
2.6039062499999996
2.642578125
2.65546875
2.6683593749999996
2.68125
2.70703125
2.719921875
2.7328124999999996
2.7585937499999997
2.771484375
2.784375
2.7972656249999996
2.7972656249999996
